[gd_scene load_steps=9 format=2]

[ext_resource path="res://level/islandprops/rootbridge/rootbridge_small.obj" type="ArrayMesh" id=1]
[ext_resource path="res://level/islandprops/rootbridge/texture_0.png" type="Texture" id=2]
[ext_resource path="res://level/islandprops/billboards/branch_long.png" type="Texture" id=3]
[ext_resource path="res://level/islandprops/billboards/vine.png" type="Texture" id=4]
[ext_resource path="res://level/islandprops/billboards/branch_thick.png" type="Texture" id=5]
[ext_resource path="res://level/islandprops/billboards/branch.png" type="Texture" id=6]

[sub_resource type="SpatialMaterial" id=1]
albedo_texture = ExtResource( 2 )

[sub_resource type="ConcavePolygonShape" id=2]
data = PoolVector3Array( -1, -0.4999, -0.8749, 3, -1.3751, -1.2501, 3, -0.1249, -1.1249, -1, -1.6251, -0.8751, 3, -1.3751, -1.2501, -1, -0.4999, -0.8749, 3, -0.1249, -1.1249, -1, -0.5, 0.5, -1, -0.4999, -0.8749, 3, -0.125, 0.375, -1, -0.5, 0.5, 3, -0.1249, -1.1249, 3, -0.1249, -1.1249, 4, -1.25, -1.25, 4, 0, -1.125, 3, -1.3751, -1.2501, 4, -1.25, -1.25, 3, -0.1249, -1.1249, 6.125, -1.25, -1.25, 5, -2, 0.375, 6.375, -1.25, 0.375, 5, -2, -1.125, 5, -2, 0.375, 6.125, -1.25, -1.25, 3, -0.125, 0.375, -1, -1.625, 0.5, -1, -0.5, 0.5, 3, -1.125, 0.375, -1, -1.625, 0.5, 3, -0.125, 0.375, 3, -0.1249, -1.1249, 4, 0, 0.375, 3, -0.125, 0.375, 4, 0, -1.125, 4, 0, 0.375, 3, -0.1249, -1.1249, 4, 0, 0.375, 3, -1.125, 0.375, 3, -0.125, 0.375, 4.25, -1.25, 0.375, 3, -1.125, 0.375, 4, 0, 0.375, -1, -1.625, 0.5, 3, -1.3751, -1.2501, -1, -1.6251, -0.8751, 3, -1.125, 0.375, 3, -1.3751, -1.2501, -1, -1.625, 0.5, 4.125, -0.25, 1, 4.25, -1.25, 0.375, 4, 0, 0.375, 4, -1, 1.5, 4.25, -1.25, 0.375, 4.125, -0.25, 1, 4.25, -1.25, 0.375, 4, -2, -1.125, 4, -1.25, -1.25, 4, -2, 0.375, 4, -2, -1.125, 4.25, -1.25, 0.375, 4, 0, -1.125, 4, -1, -2.375, 4, -0.125, -2, 4, -1.25, -1.25, 4, -1, -2.375, 4, 0, -1.125, 4, 0, -1.125, 5.625, -0.5, 0.375, 4, 0, 0.375, 5.625, -0.625, -1.125, 5.625, -0.5, 0.375, 4, 0, -1.125, 4, -0.125, -2, 5.625, -0.625, -1.125, 4, 0, -1.125, 5.625, -0.75, -2, 5.625, -0.625, -1.125, 4, -0.125, -2, 4, 0, 0.375, 5.625, -0.5, 1.25, 4.125, -0.25, 1, 5.625, -0.5, 0.375, 5.625, -0.5, 1.25, 4, 0, 0.375, 5.625, -0.5, 1.25, 4, -1, 1.5, 4.125, -0.25, 1, 5.875, -1, 1.625, 4, -1, 1.5, 5.625, -0.5, 1.25, 5.875, -1, 1.625, 4.25, -1.25, 0.375, 4, -1, 1.5, 6.375, -1.25, 0.375, 4.25, -1.25, 0.375, 5.875, -1, 1.625, 6.375, -1.25, 0.375, 4, -2, 0.375, 4.25, -1.25, 0.375, 5, -2, 0.375, 4, -2, 0.375, 6.375, -1.25, 0.375, 5, -2, 0.375, 4, -2, -1.125, 4, -2, 0.375, 5, -2, -1.125, 4, -2, -1.125, 5, -2, 0.375, 4, -1.25, -1.25, 5, -2, -1.125, 6.125, -1.25, -1.25, 4, -2, -1.125, 5, -2, -1.125, 4, -1.25, -1.25, 4, -0.125, -2, 5.5, -1.125, -2.375, 5.625, -0.75, -2, 4, -1, -2.375, 5.5, -1.125, -2.375, 4, -0.125, -2, 4, -1, -2.375, 6.125, -1.25, -1.25, 5.5, -1.125, -2.375, 4, -1.25, -1.25, 6.125, -1.25, -1.25, 4, -1, -2.375, 5.625, -0.625, -1.125, 6.375, -1.25, 0.375, 5.625, -0.5, 0.375, 6.125, -1.25, -1.25, 6.375, -1.25, 0.375, 5.625, -0.625, -1.125, 5.625, -0.5, 0.375, 5.875, -1, 1.625, 5.625, -0.5, 1.25, 6.375, -1.25, 0.375, 5.875, -1, 1.625, 5.625, -0.5, 0.375, 5.625, -0.75, -2, 6.125, -1.25, -1.25, 5.625, -0.625, -1.125, 5.5, -1.125, -2.375, 6.125, -1.25, -1.25, 5.625, -0.75, -2, 3, -1.125, 0.375, 4, -1.25, -1.25, 3, -1.3751, -1.2501, 4.25, -1.25, 0.375, 4, -1.25, -1.25, 3, -1.125, 0.375, -1, -1.625, 0.5, -1, -1.6251, -0.8751, -2.375, -1.75, -1.25, -2.625, -1.75, 0.6875, -1, -1.625, 0.5, -2.375, -1.75, -1.25, -3.5, -1.125, -2, -3.5, -1, -1.125, -3.75, -1.75, -1.25, -3.75, -1.5, -2.625, -3.5, -1.125, -2, -3.75, -1.75, -1.25, -1, -0.4999, -0.8749, -2.375, -0.625, -1, -2.375, -1.75, -1.25, -1, -1.6251, -0.8751, -1, -0.4999, -0.8749, -2.375, -1.75, -1.25, -3.75, -1.75, -1.25, -4, -1.75, 0.6875, -3.75, -2.5, 0.6875, -3.75, -2.5, -1.125, -3.75, -1.75, -1.25, -3.75, -2.5, 0.6875, -3.5, -0.875, 0.6875, -3.5, -1.125, 1.75, -3.625, -1.625, 2, -4, -1.75, 0.6875, -3.5, -0.875, 0.6875, -3.625, -1.625, 2, -1, -0.4999, -0.8749, -1, -0.5, 0.5, -2.375, -0.625, 0.6875, -2.375, -0.625, -1, -1, -0.4999, -0.8749, -2.375, -0.625, 0.6875, -2.375, -0.625, 0.6875, -1, -0.5, 0.5, -1, -1.625, 0.5, -2.625, -1.75, 0.6875, -2.375, -0.625, 0.6875, -1, -1.625, 0.5, -3.5, -1, -1.125, -3.5, -0.875, 0.6875, -4, -1.75, 0.6875, -3.75, -1.75, -1.25, -3.5, -1, -1.125, -4, -1.75, 0.6875, -2.5, -0.875, 1.5, -2.375, -0.625, 0.6875, -2.625, -1.75, 0.6875, -2.375, -1.625, 2, -2.5, -0.875, 1.5, -2.625, -1.75, 0.6875, -2.625, -1.75, 0.6875, -2.375, -1.75, -1.25, -2.375, -2.5, -1.125, -2.375, -2.5, 0.6875, -2.625, -1.75, 0.6875, -2.375, -2.5, -1.125, -2.375, -0.625, -1, -2.375, -1, -2, -2.375, -1.5, -2.625, -2.375, -1.75, -1.25, -2.375, -0.625, -1, -2.375, -1.5, -2.625, -2.375, -0.625, -1, -2.375, -0.625, 0.6875, -3.5, -0.875, 0.6875, -3.5, -1, -1.125, -2.375, -0.625, -1, -3.5, -0.875, 0.6875, -2.375, -1, -2, -2.375, -0.625, -1, -3.5, -1, -1.125, -3.5, -1.125, -2, -2.375, -1, -2, -3.5, -1, -1.125, -2.375, -0.625, 0.6875, -2.5, -0.875, 1.5, -3.5, -1.125, 1.75, -3.5, -0.875, 0.6875, -2.375, -0.625, 0.6875, -3.5, -1.125, 1.75, -3.5, -1.125, 1.75, -2.5, -0.875, 1.5, -2.375, -1.625, 2, -3.625, -1.625, 2, -3.5, -1.125, 1.75, -2.375, -1.625, 2, -3.625, -1.625, 2, -2.375, -1.625, 2, -2.625, -1.75, 0.6875, -4, -1.75, 0.6875, -3.625, -1.625, 2, -2.625, -1.75, 0.6875, -4, -1.75, 0.6875, -2.625, -1.75, 0.6875, -2.375, -2.5, 0.6875, -3.75, -2.5, 0.6875, -4, -1.75, 0.6875, -2.375, -2.5, 0.6875, -3.75, -2.5, 0.6875, -2.375, -2.5, 0.6875, -2.375, -2.5, -1.125, -3.75, -2.5, -1.125, -3.75, -2.5, 0.6875, -2.375, -2.5, -1.125, -2.375, -1.75, -1.25, -3.75, -1.75, -1.25, -3.75, -2.5, -1.125, -2.375, -2.5, -1.125, -2.375, -1.75, -1.25, -3.75, -2.5, -1.125, -2.375, -1, -2, -3.5, -1.125, -2, -3.75, -1.5, -2.625, -2.375, -1.5, -2.625, -2.375, -1, -2, -3.75, -1.5, -2.625, -2.375, -1.5, -2.625, -3.75, -1.5, -2.625, -3.75, -1.75, -1.25, -2.375, -1.75, -1.25, -2.375, -1.5, -2.625, -3.75, -1.75, -1.25 )

[node name="RootbridgeSmall" type="MeshInstance"]
transform = Transform( 0.226815, 0.0132159, 1.22918, -0.108029, 1.24531, 0.00654491, -1.22449, -0.107418, 0.227105, -31.0209, 4.76517, -31.59 )
mesh = ExtResource( 1 )
material/0 = SubResource( 1 )

[node name="StaticBody" type="StaticBody" parent="."]

[node name="CollisionShape" type="CollisionShape" parent="StaticBody"]
shape = SubResource( 2 )

[node name="Sprite3D" type="Sprite3D" parent="."]
transform = Transform( 0.997892, -0.00777726, 0.0644042, 0.00555331, 0.999381, 0.0346397, -0.0646334, -0.0342092, 0.997322, -0.998568, -1.32717, 0.527393 )
flip_v = true
pixel_size = 0.025
billboard = 2
render_priority = 1
texture = ExtResource( 4 )

[node name="Sprite3D2" type="Sprite3D" parent="."]
transform = Transform( 0.997892, -0.00777726, 0.0644041, 0.00555334, 0.99938, 0.0346397, -0.0646334, -0.0342092, 0.997322, 0.0315628, -1.75519, 0.341906 )
flip_v = true
pixel_size = 0.025
billboard = 2
render_priority = 1
texture = ExtResource( 4 )

[node name="Sprite3D3" type="Sprite3D" parent="."]
transform = Transform( 0.997892, -0.00777725, 0.0644039, 0.00555339, 0.999379, 0.0346396, -0.0646334, -0.0342092, 0.997322, 2.00208, -1.25635, -0.160776 )
flip_v = true
pixel_size = 0.025
billboard = 2
render_priority = 1
texture = ExtResource( 4 )

[node name="Sprite3D6" type="Sprite3D" parent="."]
transform = Transform( 0.997892, -0.00777724, 0.0644039, 0.00555342, 0.999379, 0.0346396, -0.0646334, -0.0342092, 0.997321, 2.56032, -1.88295, -0.25705 )
flip_v = true
pixel_size = 0.025
billboard = 2
render_priority = 1
texture = ExtResource( 4 )

[node name="Sprite3D7" type="Sprite3D" parent="."]
transform = Transform( 0.997892, -0.00777724, 0.0644039, 0.00555346, 0.999379, 0.0346396, -0.0646334, -0.0342092, 0.997321, 1.17005, -1.99939, -1.04848 )
flip_v = true
pixel_size = 0.025
billboard = 2
render_priority = 1
texture = ExtResource( 4 )

[node name="Sprite3D8" type="Sprite3D" parent="."]
transform = Transform( 0.997204, 0.0127742, 0.0735832, -0.00714637, 0.997057, -0.0762402, -0.0743405, 0.0755013, 0.994369, -1.53117, -1.60816, -1.03764 )
flip_v = true
pixel_size = 0.025
billboard = 2
render_priority = 1
texture = ExtResource( 4 )

[node name="Sprite3D9" type="Sprite3D" parent="."]
transform = Transform( 0.996465, 0.0286737, 0.0789068, -0.0158651, 0.98724, -0.158395, -0.0824418, 0.156584, 0.984216, 3.00265, -1.1278, -1.26656 )
flip_v = true
pixel_size = 0.025
billboard = 2
render_priority = 1
texture = ExtResource( 4 )

[node name="Sprite3D10" type="Sprite3D" parent="."]
transform = Transform( 0.999993, 0, -1.49012e-08, 0, 0.999991, 1.86265e-09, 1.49012e-08, 9.31323e-10, 0.999999, 4.26388, 0.446462, -1.39232 )
pixel_size = 0.025
billboard = 2
render_priority = 1
texture = ExtResource( 3 )

[node name="Sprite3D15" type="Sprite3D" parent="."]
transform = Transform( 0.999993, 4.47035e-08, -7.45058e-08, 0, 0.999991, 5.58794e-09, 1.3411e-07, 9.31323e-10, 0.999999, 3.77681, 0.402041, -0.9799 )
pixel_size = 0.025
billboard = 2
render_priority = 1
texture = ExtResource( 6 )

[node name="Sprite3D11" type="Sprite3D" parent="."]
transform = Transform( 0.999993, 0, -1.49012e-08, 0, 0.999991, 1.86265e-09, 1.49012e-08, 9.31323e-10, 0.999999, 5.05888, 0.380779, -1.01283 )
pixel_size = 0.025
billboard = 2
render_priority = 1
texture = ExtResource( 3 )

[node name="Sprite3D12" type="Sprite3D" parent="."]
transform = Transform( 0.999992, 7.45058e-08, -1.04308e-07, 1.49012e-08, 0.99999, 7.45058e-09, 1.3411e-07, 1.86265e-09, 0.999999, 4.20838, 0.255246, 0.492344 )
pixel_size = 0.025
billboard = 2
render_priority = 1
texture = ExtResource( 5 )

[node name="Sprite3D13" type="Sprite3D" parent="."]
transform = Transform( 0.99999, 1.78814e-07, -2.23517e-07, 3.72529e-08, 0.999988, 2.32831e-08, 4.76837e-07, 7.45058e-09, 0.999999, -3.0486, -0.399796, 0.648315 )
pixel_size = 0.025
billboard = 2
render_priority = 1
texture = ExtResource( 5 )

[node name="Sprite3D14" type="Sprite3D" parent="."]
transform = Transform( 0.999989, 2.5332e-07, -4.47035e-07, 6.70552e-08, 0.999987, 3.1665e-08, 6.25849e-07, 7.45058e-09, 0.999998, -2.54143, -0.348279, -0.782969 )
pixel_size = 0.025
billboard = 2
render_priority = 1
texture = ExtResource( 5 )

[node name="Sprite3D4" type="Sprite3D" parent="."]
transform = Transform( 0.997892, -0.00777724, 0.0644039, 0.00555347, 0.999379, 0.0346396, -0.0646334, -0.0342092, 0.997321, 0.618145, -1.37969, 0.465271 )
flip_v = true
pixel_size = 0.025
billboard = 2
render_priority = 1
texture = ExtResource( 4 )

[node name="Sprite3D5" type="Sprite3D" parent="."]
transform = Transform( 0.997891, -0.00777722, 0.0644039, 0.00555348, 0.999378, 0.0346396, -0.0646333, -0.0342092, 0.997321, 0.877939, -1.10054, 0.41433 )
flip_v = true
pixel_size = 0.025
billboard = 2
render_priority = 1
texture = ExtResource( 4 )
